096aefba1269497a7092bf7b6cfb76e8ebf1a67931360bd8cd3644e2fc2ca22c 0 0 0 0
78daae7e55f6f2064e4306567e9617e8016708ee6e87891ab85faaf03b84bcb8 0 0 0 0
0397cb776e7078b946ddb8b28e21e7c79c01c21c774418d398a3d8f7e4c4ea07 0 0 0 0
9aff3c93de59e992905de75a221a2554c7e7ef93c99e0cdd5da1419f3b1cc6f6 0 0 0 0
6abc7baaed4e98eb2b06276f2f47e8f103f382865af174b0644c6e3b85bc583d 0 0 0 0
23b8809baafb7e0814bb93025773533863d889917dbb7780f9dacc04ead2a174 0 0 0 0
bf3a87628f4dadc80d2f86be7437934103826131d1587e61d9a1e39183d91471 0 0 0 0
096aefba1269497a7092bf7b6cfb76e8ebf1a67931360bd8cd3644e2fc2ca22c 284 35 583 442
78daae7e55f6f2064e4306567e9617e8016708ee6e87891ab85faaf03b84bcb8 3 3 3807668 1
0397cb776e7078b946ddb8b28e21e7c79c01c21c774418d398a3d8f7e4c4ea07 2 0 0 0
9aff3c93de59e992905de75a221a2554c7e7ef93c99e0cdd5da1419f3b1cc6f6 3 2 345 1
6abc7baaed4e98eb2b06276f2f47e8f103f382865af174b0644c6e3b85bc583d 542 0 0 0
23b8809baafb7e0814bb93025773533863d889917dbb7780f9dacc04ead2a174 1 1 8611 0
bf3a87628f4dadc80d2f86be7437934103826131d1587e61d9a1e39183d91471 3 3 363 0
c7625c7bc175e07c51ad541f604e63cb4a55ccf8eaa0b93a5b1e4c597a04461b 2 2 535346 3
f110567a69bad6fef3b31260f806a5a9f069195aa8230e61fd72f30cdaac458e 9 9 896 486
c8450aa92793e82c4eb7c1cbab28a2cdb811b499df9e0f3fd439ddb24e866365 1 1 192862 0
e8300fdf5b30d8aeab7d1f765a9eb5f704752c51c6f84d26d47cbd48ceb8f233 12 12 8096 3840
69c90d9a3500e8ec7c06314a319b4d94d9f4404bde92f394d822086ec82395b8 3 3 491 1
a0675f03a68571dcd2728b0fd9a628d9447533abd145ff1e00d601c66cd54846 1 1 12741 0
0337f4f0d576e1b1a953cbe7a4baf3afc2f6a28c536f4d36d24aad0f142bbaa0 1 1 6579 0
806d3f7de92a738cb0b951e4d2a1a378ac4da56aa89009fd400f4f3537817b31 90 89 99523 65611
145ed49137c786d9d8ce7536a2aac4c538f19091a03926fe59880a8b3ba44ee4 1 1 325 0
1608f9844c8940612536d42cc16aa673ddc66d7dbc6b0c1669a7e4a1232032fa 2 2 235 0
bb88742a9b45f3383b5479b755dcbc5b13700cbbe81b05aa55b53a8dcfea5adb 0 0 0 0
2b5e1a2d97607342ab138e303425148bca8444d8fe2bfdcb16f2b2458bc8c074 3 3 1864 3
93a33f8cf668c52b52dd0780292dbcb8040207772f2b3d61560e57bed5890a59 2 2 245 0
17673d7956e22e650132adf9b0a8d50bcbd6f378378fc728c085c816a8045613 4 4 6586 290
ff75fba57dab17e679da02fcb8790abc78d938d8e3e347e3f6af5238d370a49d 4 4 58091 58063
37b854cb0cce059ff8121f4aff1f5837ef39d591c2de71c52760dfe3d0e52f1e 6 6 26503 26297
6ab8ae2448e80aebee439ad935a6b93fdea850d9abb0dc9118f922de6e7559fd 6 6 885 5
102aaa047dcb9e5336c9607def7b57ac92b3a8faf341a7f7e9bdb478927b50f5 3 3 19 0
97fb5ad4fee2f28a2cffd2602a276940169073b7a17889b06446c516679acbb5 2 2 964 0
0d8e26b287e654384e55e31772c992e41e77a8c4cde53ad8b230ac06337ccc75 3 3 162 0
68259ec1a1ff933c7fd28491dce9610e3ab434816f7eae8db637176e406e9d75 2 2 38 0
13baf30311d4dc0c4cee1719e52d37db2f01caf551703dcec9ed0f6de36b6580 2 2 344 0
19616e2660fb280768c939fcd77bd2dc70568fa78b337a0c0267d34d04c3df63 2 2 120 0
039a30c7b80c09d579f6c90cd519a6dc08da33d1ba8747dafdccaafbd3c24650 2 2 297 0
16a0ea8f9b1a586bda028fb4d84e8b47b11c88fd65c913057ce64f17509c2bf8 1 1 270 0
04d6faf54277dff175cfd7ade8094a0fb8c666c19cab900cc079c26d9d1c75a8 3 3 4144 0
dbcdc20c8aa44ab5f2ebbff56223c61c1be6dc61efd0cde33ec6e70c4ee14950 27 25 21662 47946
6aa42120614c0ab374aa0b75c3fe53d47d16e2b8ac2b92bda53520d2b8b1429f 4500 4 2296 33
3ca97caca5db52248d97f0b77eedc3b73de1a320e6c01b71cb8a437e0fa209b4 259 1 67 171
ef2f9d6ec0f81e35a52a502c08302af05f6a997b7d3c53fc95fa097a6a326312 18 15 23 14
25bcaefb7f451719603d502bd739347aeb2efe89514e3259389f942e9636b2bd 8 8 51509 45137
8de78a2326badcfefc9f9844fce67225963659347e781b4a286609f51310621e 4 4 1231 9
91b45be1e49efa54cc40a4d6a64c2e8c2fbfbedc52943e13dc82d46f7a498b98 4 4 46225 91
7c3aad31ef89d5a722f6ec254b40d059ef1b6107d8290a63e9feb370602981ef 1 0 0 0
58f115eea3ac37797676b654a39454fe16cc2060844054bbf05ebad16711fc46 26 22 1136 211
11fc0d64c650e78aeda9daccc51d51277504f9d8c5304a8ab9977a56c60f71fc 2 2 17631 0
233c41629181aa804f69144a78352d736daf999be3850b916867c1e331fda5e4 2 2 14784 1219
15a93cb726364557a7152e23bbd60438ff5e8eedbf40fde47c4c964f5c2a91cb 14 14 15481 19
462cccbf93fba8a8d9dc4f9bbdbf7be0d6e9b2557d20edb1893e01f80080b15e 2 2 45 2
e7e4e23fb5f678b1bf46c6261cfc59c301912c041691437dd97257672250e786 1 1 644 0
fd2070afbf8b5843746fae5e0ab29523bc23ec161726aa133a78a7bf03b7b022 1 1 649 0
a193a32b9e10fca5b6c77ca8f660746de8777d7eeac72a87fcc4453d4566d711 7 7 216 21
5b7284fa841cee808fed8177568ffd787511044cd292b2b1e65638023b5fd8c2 4 4 614 130
c3ab212eb4d7e1af8122600f2d19073d9f1dd471f697983ffb18d7f610fbd57f 0 0 0 0
6e830491d9ce10816e5bc5a7aa33ec76426309e1e32b4128b884829f766d6349 2 2 125579 9
b5a8ff3cf4b0b445ab92b8e2b1562c0ff0f61577c14b8f80d8249a59bca343aa 0 0 0 0
b6c35b03255c32f2423cc69ca2e54441012c7746c85807b311545452eefb36e4 1 1 221 0
05861067df29bcd04f78a0a627553aad94c65c188b9d7218813db0437468167a 5 5 37796 7
d3aa81fb3b02aaa6aff58fcc5928b145fca4c3ee9f11e1a50a2c27992a57c3d3 3 3 29263 0
b1fedc7808dac8dc97eb1b2bb74401bee3562d56513fc120c2bbcfabd44f0db4 4 4 4297 0
0906d0945bdbf9137f26eeac11e09648a99c38a88e04898ef73755a9e00ba32e 2 2 2 0
ece4e251814cf1e202b805a6fa656228f482157cd4143daf67c608b36cdb661a 1 1 1 0
ea5b2e002ff3596e7f7b29f8d54d17fe16330c658fd2830be20bbfa8d220343b 0 0 0 0
42d4aeaec5760e6171bac1e3f281538ad48c373e3173064ee8dbab1404578c6a 2 0 0 0
e41872a7ab2ae1c75d8b409ac0a575bb16c04f247507cc857f416e9907909f32 9 9 12 4
fc77ebd5984e47604e92626a0d576a96ba9b608aa3ddf481fb841290da547f28 4 4 4132 158
98b0a06fa89d306807629d15d7c9b534e4824aa31f5c09514f8b1e126a160abb 4 4 6903 290
7ed8d9d8561fca8571dd147ab9555fe5f5919fc4e0427cfc43621ea6b3d25e6b 2 2 11843 0
e30e02e9de3d3e88c3c981c39f48ce69140fb74014e0c040d5e35a30bd39e87a 12 12 25585 12471
dab81f52ac76094986d3be846b6a8146eb0cff23339314624930fa8f2621b650 2 2 1461 0
a501d2e1bcf36f641760f00b6cb3ced6c0c1d5b77d7ccea1c62635dda52f696b 1 1 22652 0
e8b7d3b1a71e97cb07e9d98e3159195fb2d5c2c5d1fb67209a09124f6e91aa51 72 72 9002 218
6d27e56a58a9cc806ce6d0ea733c16d93e42e5c8c0b19d6299b4acac7d50fc85 4 4 8312 2897
932dab80ad0a18f2074b311ddddae8e76d546ad06aa9eaefe3f46483fb9fac55 3 3 3898 354
596c117c18ee5edad7da385f2ddb0ac433572097654cb4eda7be023975ea0028 3 3 15542 1
2557cf680018ea1a463c178bb2d15f2fb47af80b459892421ac08117718c76b9 47 47 7545 0
35eb3875295677b60abcfba250faa4b1f48d4094aff272967b26b103bc33205e 2 2 326 0
52311201187c17cada30afee0249751021d7058082a517fa18a9023f63402e69 2 2 12927 0
c284ad5d5733e9047dc73725d9a4c166029329082d8eb68471be4226fa3e2827 3 3 4404 66
89a147a1b65b72f0f1fb3796168c18bd55a4c6313169002a2c8d4a1f97f9526b 2 2 22597 0
b3c43eb5c33454ad426989f5ee9032e332151dc671672c4b4d58df20a45192e3 2 2 9158 0
404fb9150ed1d7235531b505fcc3c77d9aff409975ae2d2ba723b45317feacc5 1 1 1649 0
8c011f5720f11aa973a22a049449acb1ec35fd1bb1f7c6886465d0f6df003bd7 29 29 26745 1503
7e54074487f27412058fbcd952dfc660da02587ab6bd623f253151cbe5401743 18 18 20303 8150
90af030b3878c648b37a577f0cb6694ff7e05f63bd4330943054d28e192c6f85 2 2 2146 0
c57774342fca44ab9f79d60b8f4575cf3da49049466fe644460b902abadd633d 1297 0 0 0
b44538511558445e0a102f5169d7ee42fba21008ceaf7c0f33b9ebdbfa76a424 7 0 0 0
ae4e047c009758764863b3a1a0013bc73be5edd34349c84280a29b4806f11a88 3 0 0 0
9af276ecf5b8973a5ac5aaab4f60a434cb34a66df840ea984cff091973a3a1a1 4257 4257 4289 1
1fd67be4670ab2b621825231dd56fcd5960375c864a62c8a93b90e91d9eeabe5 1 1 676 0
89a1ebc9a14ca6c9b06bcac675f7ab04b55a9fc0824ad34ff50c15cf865f97ac 21 19 19618 15418
1785e81dedbf8200b88c9bf9c406fa37a65f96a2fe1fab8957c7c45af479cd3b 30 29 34831 7948
0aebab98ca2e731d6900e69cef6148e61fdb67c3365fff1698ce5f6931304279 282 273 792549 30015
d1b0a5851a824255c0008a4f08ab5348270e8bd102b8cbcfea61d8689ed7df99 23 22 1421 96
7518f78b48d01cdae06272fd1584b398041cc9151a3e588bf48db7e572ef70f8 32 31 1491 220
36c13e758bee03bd2159686ff84d741cd8a88067f045cb9970bf926cfe77fc4a 63 57 26736 11243
cae920e0ab2319d6152e896d94dab6ef1b26a1d1f778f836d0dce2a9c3fb1e57 1 1 4469 0
328bfb3d3b3175e3517d096c474418930d150ee4fd5d79c4aee2d1a2b09b21b1 2 2 5285 5
b463678d1c8ce78cce7563d4077af908b658b452708640f2ef3d8bdb0f34d0d1 61 61 27010 149
ff9a12532e4bcad8413f27b2d0c1df0c38df276f4f86bd4619d33faab224792a 4 4 228498 82687
defb429f9a94da965c24173f5ad1db2fce6c2096d16f3188ebf22de39b3de5e1 2 2 8856 30
df6c3599815ffd353b457bc4d4e8b2d2529d6421caa65112a29796e9b600abe0 2 2 4019 13
81663f9561198fe299f6d31901c0d7d4fb72d815ce8ce3a2a979d7d5df1af9f7 2 2 3243 8
7d8f8e624ecc6609826effed433d33cafba10b54bcd3f6b14c35e35a87006df8 14 14 11261 362
808b1a33d649c6d3117bb26321273602dd05bd574caf0177e51c49f18ad0b5d9 88580 0 0 0
0e05de6bdc7cbce63f49fe24c91b0f43b85c77a2cb85d44ef47fca816cedaa69 19776 0 0 0
a28892a5fc38a7e8fdc477e273bb7b020049da7443138a2b471fc627b0683336 1012 0 0 0
5ff847d32cefebd092963971d94535248074e046f5c1efc636af8ccfe6f95a47 0 0 0 0
55065143d64a58d2ba65098d18d5581089b15e1c1d014601289eb3e47a75c31f 196 187 780574 22529
a573957d850995eb14edfcb61ad5e676153ed1214c499ef5258e27535956ecbc 29 16 10869 12
1c360268f1d8d312cb7947b8d46155909731e187bee1a6797a8e08f3f3a45b0d 18 18 8008 42
a0c321ef3340e3630f20a59a9d05d8a5760aa2b0031131d22e16cb25f1d85b97 1 1 3354 0
e4abf3a0813bb68ad203b054cf1685a88cd47b9753183c2a51c6324affe81bc6 0 0 0 0
41e8e56fe54739b5b9ed763b9ecd7e8ac70178b2661f6227441d3d50b33b3bfb 15 15 13345 445
0b598230df4d2afe449d51dd359a1b5b750bcdf4227d7061268e91be68b2ebaa 10783 0 0 0
86117cc90c99ae712b142eab24035ad9b1cf7e1d58f0b7ebef4bd7f177c9dff4 10787 0 0 0
b361fc3a9a87608ce2106d85035ea69401a9196c12f4c4d81c9edac29e748180 20996 2 212 126
85c07f5b728ee23173b2951b778d7db0746cc613360a67cb9cbc561b9a4c7094 1 1 45 0
1b324c75939b8f0addcc1b6603f54a6595e03ba241f868c9484578ccf7906a85 112 8 5160 246
a10377a53d6d26a9bf05f1e27759058c1276c252a84ed3eae6d463ea6d71a65a 1 0 0 0
f74535f3a2242ef16dfa6d6813b7585f08dd0977d33e01b9bd9381bdc671188d 40 0 0 0
373d162c09005cc8b15e158f440456853c1fd9057a2165655e6002c66b3ee516 97 97 28573 1761
aeed9d6f1fd4b6de37d426f2fb119a2a9fa8bd238bc806eaa0117e61b2472fbe 8 8 8 1
6cfac6de62db1642738c41553fcd398c0e422f38119bc9e290dfb165b5c5a6b7 3 3 12375 49
3f730b0f29691d9ea08baee9316b806a625ba638466cdbcf23c1696c8304add2 1 1 12118 0
adcda3399d16ce782959420f797480de0149815d065d0194e466bf761120a318 3 3 6152 2
dcdec0b9280fff6bf798e2e9027812a5c2d2eb563a2c98b6e2c4bc3f442d7a46 97 97 28573 1761
ee8adc39db1da401a9d1bb1d7df7fcf4def16f5627fefea9babbde9cea75b9cc 204 200 28325 19618
5ae8c08cfe326f238b7c7ea4265677fb14656ad691fce15632fa2993ba139723 66 66 14283 43
66f76577eddb6ef651a74694275116ac0309bb922d6052d01576c12b1adf3517 130 130 3625 0
b1ff37b1d17df79653b58f7c3c779634eb368f8f9d186a9a2f6e25ab7f0cbe0f 130 130 637724 3487
e26de26ebdf1f6736b123dac0297e1e614909b822177d9b477de145f41c41d3f 50 50 4864 0
0ee1f786beee558f3cb846dfb5744ac09edf63965fb3a6afdf6c49e6ca132afc 35 35 6049 223
3e659b776d1ae9e72ce8660c8ed7cfcd011707b1bf3bd5eb10704e50af47bd51 1 1 8 0
b80a3e969644bf15f95de227031a54be81758f68f3ac6949ff0bc7d1ffb91b71 42 42 1010 23
04b3c9950270bb7c757965d909c5eae77a1522a7a4f88fcce232db5203099e94 0 0 0 0
a0484966f428e0fa8813d45285c04a27858b7630c77f38f2f14d11e03e46e773 100 100 12480 0
390be707b1003a7e58ea3165d6af23372b80e5a2df1585d66cf504f8080c9acb 240 240 16713 470
