This is a cache of all of the repositories I own, have contributed to, or am a member of.

repository (hashed)  total commits  my commits  LOC added by me  LOC deleted by me
         \                \                \           \_____________  \
          \                \                \______________________  \  \
           \                \___________________________________   \  \  \
____________\___________________________________________________\___\__\__\_______
7a54acbb52ca12a181d713cc11a2848e03b34d3775a850747951fa91cea7aa36 4 0 0 0
d747f790e81b5bc3318a741a8a655977715f53f3b529e485facf544dc37a62dd 8 0 0 0
33e8f4d0490e20c328d42930872be20a81c0d2c13dad25187c7fcf700841741b 14 0 0 0
3049de141897ce9738e18a3cf1b21505148e5d2472a1682a5e167fb79a015ba3 61 0 0 0
aa74126eafaf2abe9f2e14057b26f3aad67c49e18c9b19775cbcea8b2dfe9103 94 0 0 0
9f244a793e647278c7323652b9d8d2738d630fdcc7b614662a9c3009a5beeb20 185 0 0 0
f0fedab9f7d7005f3c6906f5f514e71b468ab1837d146b1e87819bd2c9e06f13 65 0 0 0
f4bc730d6eadd754c5b9ab157959576754bc14292be6e379785631befa49ad77 1 0 0 0
734f8ec4c1b78f6ec4ec31a25ea4bbd21a41b472f06ce99e7c0cad9bfddac299 4 0 0 0
1cea2f0eadc9bd0a0412624c2e79295f554f774f8b43cc9e77a41e6976673cf4 14 0 0 0
7a41b23c0a9b7a729a1ea25a2870f892d0978973f1a4f04229e8e9ddbfc6a4ec 1 0 0 0
de713b062993f842c58fa81197a49343b0a3eee7b5ca05154bd62db0b1decd3a 14 14 196 62
c7f7c05ea316954a39e4a4b6bcef0a174d54d957b4c4af50c2662eb192e353be 310 0 0 0
8bfb37553f4267543080c35bd7a43435af0a5f56d4fc551d72014d65ff632087 3 3 160 10
3023ce77ef02e8a27cb22151b9d4fe75297507df0bf4b627ebde1c1c9a97f8a0 1936 1935 1858714 1710478
ca4b746a71d73b860fba584c18b4e6f2d6f433239dc625009adc7aa242f2df4c 9 9 3242 1612
d8ef9b1e80f0a5a4114d92a7943c9cb7f8b921272a9e55ec88f79a5bcf2ad533 6 6 4572 3058
d704a7a2fae64c29bc9f1e6a13781f9ed04d88ed56b12af45fb5d028ffa76f51 115 0 0 0
112d838d7eef9b7803129a7dd6b4d3235d42f4a81c9428d26f0f36bf4c4ff02a 207 207 32352 22738
e354c70a48c29e8314f7b18f8fb34962261a2a6d29747f5cf450dca0a5e55a25 1 0 0 0
f06f7b437f3db45366cd6f4fa0ca244a65a5e2e0359953ecb343340410012be0 29 29 826 164
f2c3d4ce1f5ed76dfdc78a928fdee7382a91e41f255c861caf359143d622959d 30 30 2564 90
68d004689c3b74409333cacbba842f8cb8bfce527a466fec35abfd66937beb2e 5849 746 54509 38811
74513b31629b36f5f7512dcec9ed8661646bd06d3be9cb685a91a173b01c68dc 21 21 252 47
d310a57dd75db1f5407303a32fa933e3ea64be83edb0a11b4309bb53d164abdb 231 51 1244 436
a6861557102253a7c080ba91d729fd28bf84bdb37b1ad696c8979d3ea7ad9cd6 8 8 595 33
5e4bea85ea9f811c1e296fdbdc3dd367e0f93296f51229ce2012364e2be9f674 4 4 3666827 1
c69520359683fcc8b2970b611dd576e582dba729a822e36abb938b550f6e1fde 19 19 5230 3475
bcebf1f1832cfe798eb2ce5fac814cc30268aa29b3da953e9335225defec795c 393 0 0 0
ff8a31e5eb455a6892764b698dab546a4ad81320793897c19b3187820558652e 4423 746 54509 38811
05d560badf0d0959442fac93ae96dc51b1ead2405ac501500e5c257ec8e99466 196 196 46955 73021
8848ae4602ba158bd13a41c1a6c76b68acaeacbc9226317bd351816b70d59104 17 17 960 320
e44cba1333296dfea77dbcce8c1b133f5d55d35c71e52d1c2297cf66ea822e03 76 0 0 0
1140a01800620a0164738fd2e4731a1e9d51335eb4c827db296d527388fa3df9 309 40 179 104
48d5e254dd86a60fc603d37dbb0625b9e1b175707e72541964a8ceb8f234b91b 106 26 116 76
b1622ddda6e6cd1ecd2356e925c7fb24f9900a98891632a6ea514b5bb70daf6e 56 56 3194 1580
107122156ae807aff6421e78b4c86e823c34edad08b4cd4886c9f126675b3d83 5115 6 135 779
f43ea25f01b35d50ef282615255f1d1a9ecd653d1ccd987f82920f77facb3d39 9 9 1377 626
cfd31b90ecf7c9994b4a8d4bb980dc948cbc6ac0993c208e90cda346c4a66c22 4 4 6085 0
1bf53af63e5749259c56ccac99ac0fdd4b0b4325d4ca8f0380ff84e23ee8978b 1759 48 12618 8812
1523485ff05cf5b14a9fc808548ddd2689d5623781fbac6b499eabeca25a6bbd 4 4 128 64
cf368c92b8754a8e429e6b19a5440502c2c4251009c5e4cd824b77d8a41eeae0 314 1 168 0
b9efceac3939312b692aa9eade6b5fc523b3a2bdff97c00548080e7cffb79200 9 9 812 12
aec7d9aa433ee3d7fa09fc582669d75b0f440ddfeeb5ec91b77c5809aeadd7d5 7439 756 128004 98106
49645c68eed9f7333a8d50fd297a1d4b253eae1eb71c29e399e0f5c2d6670207 9810 760 287197 246924
a42c6c6644b20e17a032efaaaa4729229f8e149949e8c144187e63de6cbda89a 2 2 182 0
971ad499b9a1d59306607c75c207dbde0446cc815ef69cd3323b151929763a19 7 7 168 9
9438409dd17c4356ae0b8f4e8ef092495b01451962b6e07d30dd22c82f794dad 173 0 0 0
077edad4dadd331e081b82dd8395b90e76d45c249696ea5d90122fec3c112494 401 401 2906 384
8ced6a11e8d274187f16534716212d72751b4178df8ad24ce2d8c66c41e70016 17 17 1062 234
e78b7bf176f774d75a33a706df80817922b3b9a38bd567172f572c60906d144c 23 10 4859 49
c8d84cc9015c5a330f4e3664f1c272ae1206f7907c42230d915517128bb05383 25 25 370 93
c1f13d325666a20ceac2a665af47787488d085b1769341517b2c9c74b4346c5f 310 0 0 0
0d8f31436e8f94e25356ac360c067b7412016e0b9e2fa4ff714caf11ecdb0a3d 21 21 1358 445
d38da9328fa40f65357b6a5a7f50af38901f2b3aa08d7b7eafc7eec6e00306df 50 50 47848 20585
44782601330860aeb84e30d5a94ec913723fddcd800d0c0900fd25a29660689c 40 40 60622 25683
1b5169c2bf07e4893bc94e3661fb5e7fea22014d0a34a71066bbc4d353b60b5f 10 10 1441 202
24c2af740f48d5a936afd54e9f434b804416ac2211f6f9cd684e4995887abafd 4 3 3348 11108
dad10805f9ad2b5fc39ec90ee661722b308ddd64fa6f7724404f3c749f292c07 66 57 3123 994
8dd6e9c5cff551df9b4dd0d28c24487683a819348edadf38d08bd9bd94debcb2 119 8 7337 131
94e57395c5334c7135c24693fab11cc0aacba41605996bd21b4b4a287d6e886f 20 18 439 77
026d0e6f7488a97664bbf83cd989e099fc0b9993f59258536375e6b2699e4d46 15 15 34384 28237
89448bc46864e33ab66c767afe8c428d03c27f33a9735df8628091e7bda29563 1 0 0 0
cf460c1d6024d3d0cf94afbeead86d2361483e27393e85a8bd914a4d11160bf7 2 2 25 2
e2f505278c8dd673bebb61e779f69a78581c0b89c69e64520883304dc7c333a8 33 33 4416 3686
d5c58ac95f93b5efc1e9fd95d2e385c2c22e3b94aa0fb2a98906555babd76b6e 229 20 2883 501
20b4cc94f42bda02990bf83ed4a6eb691542e1340850e37bc5e58af315066275 64 0 0 0
e612e28de1cf44a7c80baf31bc16a04b331eda051951a40d00c5dc56a7d8fad2 154 153 23530 14568
47ce15bd1bc14749b9cdd718f621a8a68f550251face39bc72399873f163bb90 162 7 85 38
54d594b21759ed38b965eeca44c372c8d3d6b9f373c458ee3507562e1bbb7cd7 1870 1 1 1
bd6af1760c29952940a4fb788aa8195bd5c9aa1e28ca0ee8eb0cdc5c1243a127 31 30 2996 1176
13916dccf7ba7f5573598c02b6452abeda039a598102110a92fab8792157dfd2 31 30 2996 1176
a098189b971003fdf489f49fd6a56c74025eb7431f7c34da3dc7e4d6361aad72 360 181 11662 15283
155f603c95e6e8cb92005d0fbf6c75c9b4f3f1314aec9d58e29ed06a2da5cdbf 1319 59 55186 90196
5f2cf48541c50b001de91a8b4615eba2e4367516372dd91fbda6d47d3a04564d 1498 25 4111 3963
43cb2e8159c7a4c7a1296065d790a609f0feb6ce53130466638c20883a794cc8 2 2 13 1
4597950d03374cb0e90e49d7803613f4eb0881aafc28069fc63c10a18a77b140 36 0 0 0
1c17c7d13987f0a31906292818b342195477cb1c2fe6084ea044599d412047ae 111 111 33581 9769
61b2a87ad3bb2fcbf74345d5dd18078079d0167c4f0b3826c0d7ed8868668914 9 0 0 0
6274aa1c2770a8eb91db2be74f5a385839264c229140a66dbeb4c92521f505fc 1 1 16409 0
d69c6e6db8c278a28bd00734d9c202a7bbfb272a927044aa3c55e3fb40b14c8b 3 3 2387 826
c99d6ff8bf33d032033aa7d97dcfb430ffce74dd48d77bcff71507f509b5c15f 0 0 0 0
b90270230a406c863e633186b5b809a2283bd3df0aecb1b41906f28a0456260c 3 3 1481 105
42eb86927c734db03ac4311123dece5905165acff07bda188da6be7b4a30adfa 208 37 1637 900
9136328a0450647dd8fe30ff2bd8d1e529a562099d88a5d7309e58d7c3cd68ad 26 0 0 0
e8876a19184a8372840de44593b1a758e3cd8350a4fb5ac7bc079567183bcdae 255 69 3999 12107
00ded8663ec7136311f57ef2988eb2c79341d70dd73a702430ec154064dc37af 37 37 5998 3142
e6055a43892beee5ce0e98094d994cb2155b49d658b3824fee43f8212e7c5fef 37 36 18316 3248
3f6c0b576861cb685ac08b77406d0914c2fb473353b7fa72d2165e9fe4c4f975 32 0 0 0
80cc12418491f3b7b2e89d083c18a16ce94066a08316a0ad1db990315523509f 46 0 0 0
5f0ccc8df669988ce3c17b86fbdd8beac08d204dece5fbf58933ffc2a8a64790 25 17 437 0
6a19d08e57da4c899d9b28d4bd2275104cfcb78f82ce4b57f0441e6f48a5144d 0 0 0 0
1ddd67ca871519b324834f3e36fbe175172610435d05b21ec3daf5a22bc68b5f 5 5 175 39
1d3239b1a5983c48c799ef243e159fa91281d1071b1266ad0a122513eaf4a00f 14 14 2593 907
